sent_01      0.08928768255055      0.11781893291651058      0.5766133036118918      0.0      0.8115439865687363      0.0      0.9878882      0.37426125009743894
sent_02      0.0595251385658167      0.08468235686015499      0.2883066518059459      0.0      0.5072149916054601      0.0      0.8618271      0.3965820482493261
sent_03      0.0595251385658167      0.0257728904018997      0.1922044153168538      0.0      0.10144299832109203      0.0      0.1702598      0.48037835500965265
sent_04      0.14881277052001662      0.07363683776716708      0.14415332590297295      0.0      0.40577199328436814      0.0      0.3054703      0.5019879333888783
sent_05      0.1785753651011      0.05522761424233142      0.11532266072237836      0.0      0.20288599664218407      0.0      0.2877749      0.4869297664741197
sent_06      0.02976254398473331      0.03681840949488762      0.09610223648909208      0.0      0.10144299832109203      0.0      0.2279212      0.4725776862769915
sent_07      0.11905022653528331      0.09940972816906678      0.08237330437541437      0.0      0.5072149916054601      0.0      0.7668214      0.4232238287943253
sent_08      0.0      0.04418209514934351      0.07207666295148647      0.0      0.10144299832109203      0.0      0.2318185      0.4621606177327392
sent_09      0.02976254398473331      0.033136576056355595      0.06406813843895127      0.0      0.10144299832109203      0.0      0.225981      0.45260572744319943
sent_010      0.08928768255055      0.05890946645825529      0.05766133036118918      0.0      0.20288599664218407      0.0      0.292393      0.4523950388662411
sent_12      0.02976254398473331      0.06259129989678731      0.05241939647938384      0.0      0.10144299832109203      0.0      0.17443      0.5072574226894987
sent_13      0.0595251385658167      0.08100050464423113      0.04805108941388086      0.0      0.3043289949632761      0.0      0.4308265      0.42086279847053143
sent_14      0.08928768255055      0.0957278759531429      0.04435488281506791      0.0      0.5072149916054601      0.0      0.4003838      0.4720735969408691
sent_15      0.02976254398473331      0.08100050464423113      0.04118668101837237      0.0      0.3043289949632761      0.0      0.4574076      0.45199582717723136
sent_16      0.02976254398473331      0.06259129989678731      0.0384409061279029      0.0      0.40577199328436814      0.0      0.5733167      0.4434806721823435
sent_17      0.02976254398473331      0.1509555089728662      0.036038331475743236      0.0      0.40577199328436814      0.0      0.6925201      0.4575308354153697
sent_18      0.0      0.033136576056355595      0.033918412665014115      0.0      0.0      0.0      0.0809921      0.5183838444409467
sent_19      0.0      0.08468235686015499      0.03203409805014081      0.0      0.40577199328436814      0.0      0.6184531      0.4439138903609342
sent_20      0.0      0.05890946645825529      0.030348080750379643      0.0      0.3043289949632761      0.0      0.5127157      0.4559075650919549
sent_21      0.0      0.04786394736526738      0.02883066518059459      0.0      0.10144299832109203      0.0      0.2416841      0.4874979023377893
sent_22      0.0      0.0773186712056991      0.027457748904694674      0.008720100950600858      0.10144299832109203      0.0      0.1942093      0.5181010014426988
sent_23      0.02976254398473331      0.04418209514934351      0.026209669409026738      0.0      0.3043289949632761      0.0      0.4636931      0.3940979995952982
sent_24      0.02976254398473331      0.0515457808037994      0.025070166198428914      0.0      0.40577199328436814      0.0      0.4381517      0.4068580744405647
sent_25      0.0      0.03681840949488762      0.02402557353760561      0.0      0.10144299832109203      0.0      0.2821073      0.48287313641510915
sent_26      0.0      0.0515457808037994      0.023064532144475673      0.0      0.20288599664218407      0.0      0.4614976      0.451401209416015
sent_27      0.0      0.08100050464423113      0.02217741257686878      0.008323732725573548      0.0      0.0      0.0765478      0.5384150083981087
sent_28      0.02976254398473331      0.09940972816906678      0.021356026925873635      0.0      0.6086579899265522      0.0      0.7670531      0.44975618193888883
sent_29      0.02976254398473331      0.029454723840431723      0.020593340509186184      0.0      0.10144299832109203      0.0      0.1394907      0.5044074105438218
sent_30      0.02976254398473331      0.06627315211271119      0.01988324122578814      0.0      0.10144299832109203      0.0      0.1962866      0.5089978783260667
sent_31      0.02976254398473331      0.05890946645825529      0.019220424233286276      0.01144514394280757      0.20288599664218407      0.0      0.3014585      0.4899328953181676
sent_32      0.02976254398473331      0.0515457808037994      0.018600449609242765      0.03924049090216448      0.10144299832109203      0.0      0.154816      0.49585451592842106
sent_33      0.02976254398473331      0.06995498555124322      0.018019165737871618      0.0      0.3043289949632761      0.0      0.4555673      0.4888355298147574
sent_34      0.0      0.04786394736526738      0.01747311293935116      0.0      0.10144299832109203      0.0      0.2912219      0.45180602080142224
sent_35      0.0      0.03681840949488762      0.01695923516317224      0.0      0.0      0.0      0.0958532      0.5194025808741076
sent_36      0.0595251385658167      0.06995498555124322      0.016474649342816804      0.0      0.3043289949632761      0.0      0.3293217      0.4756196630147975
sent_37      0.08928768255055      0.05522761424233142      0.016017049025070406      0.0      0.3043289949632761      0.0      0.4671845      0.42306522905989846
sent_38      0.0      0.07363683776716708      0.015584127756718599      0.0      0.40577199328436814      0.0      0.663165      0.42191384981832014
sent_39      0.0      0.03681840949488762      0.015174040375189822      0.0      0.20288599664218407      0.0      0.3454531      0.45653181457994174
sent_40      0.0      0.0257728904018997      0.014784941717912517      0.0      0.0      0.0      0.0701095      0.5489315298835886
sent_41      0.0      0.02209105696336768      0.014415332590297295      0.0      0.10144299832109203      0.0      0.1722088      0.5167689736621283
sent_42      0.02976254398473331      0.06627315211271119      0.014063713797754764      0.0      0.6086579899265522      0.0      0.6561546      0.40919542271501047
sent_43      0.02976254398473331      0.09204604251461089      0.013728874452347337      0.0      0.5072149916054601      0.0      0.5288624      0.44334750440238885
sent_44      0.0      0.05890946645825529      0.013409603666137433      0.01144514394280757      0.10144299832109203      0.0      0.2653759      0.47250605682723934
sent_45      0.02976254398473331      0.06995498555124322      0.013104863535178547      0.019276039614088667      0.40577199328436814      0.0      0.6331956      0.42406804135642895
sent_46      0.0595251385658167      0.0515457808037994      0.012813616155524182      0.013080169738131595      0.20288599664218407      0.0      0.3327664      0.42268934943921194
sent_47      0.02976254398473331      0.02209105696336768      0.012535054268549277      0.0      0.10144299832109203      0.0      0.2314248      0.44300183981018093
sent_48      0.0      0.0257728904018997      0.012268370615628776      0.0      0.0      0.0      0.0896803      0.5234278293012236
sent_49      0.0595251385658167      0.06627315211271119      0.012012757938137624      0.0      0.6086579899265522      0.0      0.7849811      0.4045111016879355
sent_50      0.0      0.04418209514934351      0.01176763962277221      0.0      0.20288599664218407      0.0      0.4944759      0.44168964428768503
sent_51      0.0      0.06259129989678731      0.011532266072237837      0.0      0.20288599664218407      0.0      0.5376583      0.4188010019229824
sent_52      0.02976254398473331      0.0957278759531429      0.011306118334561252      0.0      0.6086579899265522      0.0      0.6973591      0.4409584755966072
sent_53      0.0      0.03681840949488762      0.011088735119099568      0.018312230308492113      0.3043289949632761      0.0      0.4204901      0.4143063122812041
sent_54      0.02976254398473331      0.06259129989678731      0.010879482151218813      0.0      0.40577199328436814      0.0      0.6899526      0.394136030866665
sent_55      0.02976254398473331      0.0773186712056991      0.010678013462936817      0.0      0.5072149916054601      0.0      0.6342972      0.42425977262787473
sent_56      0.02976254398473331      0.03681840949488762      0.010483867763610695      0.0      0.10144299832109203      0.0      0.2804016      0.42567357930791805
sent_57      0.0      0.02209105696336768      0.010296641423927912      0.0      0.3043289949632761      0.0      0.343223      0.40972196916689396
sent_58      0.0      0.06259129989678731      0.010116046137236668      0.0      0.6086579899265522      0.0      0.7563776      0.40690135542730416
sent_59      0.02976254398473331      0.04418209514934351      0.00994162061289407      0.0      0.3043289949632761      0.0      0.4084048      0.41716087418020414
sent_60      0.0      0.04418209514934351      0.009773134205578677      0.0      0.0      0.0      0.0705425      0.5439192183060605
sent_61      0.02976254398473331      0.033136576056355595      0.009610240947308316      0.0      0.40577199328436814      0.0      0.343751      0.4325550228788166
sent_62      0.02976254398473331      0.06995498555124322      0.009452652531431186      0.0      0.40577199328436814      0.0      0.6008348      0.4521257867977915
sent_63      0.0      0.09204604251461089      0.009300195973956203      0.0      0.40577199328436814      0.0      1.0      0.34736386674395914
sent_64      0.02976254398473331      0.033136576056355595      0.009152582968231559      0.0      0.10144299832109203      0.0      0.252417      0.42712063418532203
sent_65      0.0      0.04050026171081148      0.009009582868935809      0.0      0.3043289949632761      0.0      0.5801814      0.4208867721707335
sent_66      0.0      0.01840920474744381      0.00887096503074751      0.0      0.20288599664218407      0.0      0.5874488      0.42282986682068835
sent_67      0.0      0.029454723840431723      0.00873655646967558      0.0      0.0      0.0      0.1092649      0.5467447317799982
sent_68      0.0      0.03681840949488762      0.00860618420172893      0.0      0.40577199328436814      0.0      0.6602583      0.43095298473757593
sent_69      0.0      0.06627315211271119      0.00847961758158612      0.0      0.10144299832109203      0.0      0.1893087      0.5005898175247823
sent_70      0.0      0.04418209514934351      0.008356741286586426      0.0      0.0      0.0      0.0719496      0.5381635470317557
sent_71      0.0595251385658167      0.08100050464423113      0.008237324671408402      0.0      0.5072149916054601      0.0      0.6813907      0.40852608400498913
sent_72      0.02976254398473331      0.0957278759531429      0.00812131007472169      0.0070431584601006935      0.5072149916054601      0.0      0.7131614      0.4276754707700473
sent_73      0.0      0.06627315211271119      0.008008524512535203      0.0      0.40577199328436814      0.0      0.6874576      0.4306816911131481
sent_74      0.0      0.02209105696336768      0.00789879500085786      0.0      0.0      0.0      0.046768      0.5330469411088229
sent_75      0.0      0.04050026171081148      0.0077920638783592995      0.0      0.0      0.0      0.1355589      0.4941103854910922
sent_76      0.0      0.04050026171081148      0.007688158161048436      0.0      0.0      0.0      0.1050653      0.510495855442586
sent_77      0.0      0.05522761424233142      0.007587020187594911      0.0      0.10144299832109203      0.0      0.3044049      0.4347557618932302
sent_79      0.0      0.0257728904018997      0.007488476974007638      0.0      0.0      0.0      0.1472195      0.43962452292039994
sent_81      0.0      0.04418209514934351      0.0073924708589562585      0.0      0.20288599664218407      0.0      0.3487776      0.4488819293388191
sent_82      0.02976254398473331      0.08100050464423113      0.007298886519780048      0.0      0.10144299832109203      0.0      0.2828083      0.47600102567154
sent_83      0.0      0.029454723840431723      0.0072076662951486474      0.02289028788561514      0.20288599664218407      0.0      0.4366912      0.39632650377101636
sent_84      0.0595251385658167      0.06627315211271119      0.007118694862401332      0.0      0.3043289949632761      0.0      0.295723      0.47437285561377734
sent_85      0.02976254398473331      0.06995498555124322      0.007031856898877382      0.0      0.20288599664218407      0.0      0.2483208      0.4968091475038642
sent_86      0.0595251385658167      0.0773186712056991      0.006947152404576795      0.0      0.40577199328436814      0.0      0.5350437      0.45785946759770174
sent_87      0.0      0.06259129989678731      0.006864466056838849      0.0      0.10144299832109203      0.0      0.213979      0.5062633015884186
sent_88      0.0      0.06259129989678731      0.0067836825330028225      0.0      0.0      0.0      0.165947      0.48805915524130344
sent_89      0.0      0.0515457808037994      0.006704801833068716      0.0      0.3043289949632761      0.0      0.5483374      0.43221577460539745
sent_90      0.0      0.03681840949488762      0.006627766295706168      0.0      0.20288599664218407      0.0      0.4626127      0.490791165451436
sent_91      0.0      0.04050026171081148      0.006552402936924094      0.0      0.20288599664218407      0.0      0.5026571      0.46007572243755024
sent_92      0.0      0.04418209514934351      0.006478827079383216      0.0      0.0      0.0      0.1835984      0.46973694862847293
sent_93      0.0      0.033136576056355595      0.006406808077762091      0.0      0.0      0.0      0.1101446      0.4712591327658775
sent_94      0.02976254398473331      0.033136576056355595      0.006336403593391079      0.0      0.10144299832109203      0.0      0.2383995      0.4494575897945229
sent_95      0.02976254398473331      0.0515457808037994      0.006267555964939819      0.0      0.5072149916054601      0.0      0.497018      0.416768778772033
sent_96      0.02976254398473331      0.04050026171081148      0.006200149869747589      0.0      0.3043289949632761      0.0      0.5276626      0.45060861905507643
sent_97      0.0      0.03681840949488762      0.006134185307814388      0.0      0.20288599664218407      0.0      0.2391507      0.4416162066026378
sent_98      0.02976254398473331      0.029454723840431723      0.006069604617809856      0.02289028788561514      0.10144299832109203      0.0      0.2470404      0.46061720141316054
sent_99      0.0595251385658167      0.0773186712056991      0.006006407799733993      0.0      0.5072149916054601      0.0      0.7275373      0.3998004154236553
sent_100      0.0595251385658167      0.09204604251461089      0.0059444795309260764      0.0      0.5072149916054601      0.0      0.6110643      0.46208484684085965
sent_101      0.0      0.04418209514934351      0.005883819811386105      0.0      0.0      0.0      0.1928742      0.47007333872352247
sent_102      0.02976254398473331      0.06995498555124322      0.005824370979783719      0.009638019807044334      0.40577199328436814      0.0      0.6523063      0.4142734140648684
sent_103      0.0      0.1362281376639544      0.005766133036118918      0.0      0.3043289949632761      0.0      0.7656719      0.40293379553911746
sent_104      0.02976254398473331      0.0515457808037994      0.00570904831906134      0.0      0.10144299832109203      0.0      0.1953912      0.4945287878062977
sent_105      0.02976254398473331      0.04050026171081148      0.005653059167280626      0.0      0.20288599664218407      0.0      0.3810113      0.4220333683383056
sent_106      0.02976254398473331      0.0515457808037994      0.005598165580776774      0.0      0.3043289949632761      0.0      0.664765      0.3974238692744265
sent_107      0.0      0.04418209514934351      0.005544367559549784      0.0      0.10144299832109203      0.0      0.22754      0.49635609706719874
sent_108      0.0595251385658167      0.07363683776716708      0.005491549780938935      0.0      0.20288599664218407      0.0      0.4047952      0.4212303368767924
sent_109      0.08928768255055      0.05522761424233142      0.005439769906274587      0.0      0.40577199328436814      0.0      0.6507295      0.42978678963261235
sent_110      0.02976254398473331      0.10677341382352266      0.005388912612896018      0.006314569752816718      0.3043289949632761      0.0      0.480314      0.4434827137383217
sent_112      0.0595251385658167      0.06627315211271119      0.0053390355621335895      0.0      0.10144299832109203      0.0      0.3853639      0.4292769839397507
sent_113      0.0595251385658167      0.06259129989678731      0.005290023431326579      0.0      0.5072149916054601      0.0      0.6969725      0.4179870043893573
sent_114      0.02976254398473331      0.07363683776716708      0.005241933881805347      0.009156115154246056      0.40577199328436814      0.0      0.4962411      0.48535362692871775
sent_115      0.02976254398473331      0.05522761424233142      0.005194709252239533      0.02441630097391271      0.40577199328436814      0.0      0.7589974      0.38049417882929454
sent_116      0.02976254398473331      0.07363683776716708      0.005148349542629137      0.0      0.7101009882476442      0.0      0.7662307      0.40856586518148014
sent_117      0.0      0.0257728904018997      0.005102797091643797      0.0      0.10144299832109203      0.0      0.2052349      0.49097578044204315
sent_118      0.0595251385658167      0.0515457808037994      0.005057994237953153      0.0      0.5072149916054601      0.0      0.7586846      0.37699786839106525
sent_119      0.0      0.04418209514934351      0.005014056304217928      0.015260185819666656      0.3043289949632761      0.0      0.365151      0.41570028670317277
sent_120      0.0595251385658167      0.09940972816906678      0.004970810306447035      0.0      0.7101009882476442      0.0      0.7024278      0.41514789998562135
sent_121      0.02976254398473331      0.04418209514934351      0.004928313905970839      0.0      0.3043289949632761      0.0      0.5957137      0.41139009539166005
sent_122      0.0      0.04418209514934351      0.004886567102789338      0.015260185819666656      0.0      0.0      0.1553866      0.5034014484180676
sent_123      0.02976254398473331      0.03681840949488762      0.004845512235572172      0.0      0.3043289949632761      0.0      0.5547766      0.4258755183592553
sent_124      0.0      0.06259129989678731      0.004805091642988978      0.010771894795515857      0.3043289949632761      0.0      0.4568964      0.4836115380473672
sent_125      0.0      0.04418209514934351      0.0047654206477004794      0.0      0.0      0.0      0.0869943      0.5273310510110091
sent_126      0.0      0.03681840949488762      0.004726326265715593      0.0      0.0      0.0      0.0423438      0.5720602592313367
sent_127      0.0      0.0257728904018997      0.004687923819695041      0.02616032116403288      0.0      0.0      0.0249496      0.583301708079618
sent_128      0.0      0.04050026171081148      0.004650097986978101      0.0      0.0      0.0      0.1753956      0.46741733272595276
sent_129      0.0      0.02209105696336768      0.004612906428895135      0.0      0.20288599664218407      0.0      0.576004      0.39104184862598584
sent_130      0.0      0.05890946645825529      0.004576291484115779      0.01144514394280757      0.0      0.0      0.0642702      0.5364441485868494
sent_131      0.02976254398473331      0.04786394736526738      0.004540253152640036      0.0      0.3043289949632761      0.0      0.5142771      0.4630839843366293
sent_132      0.0595251385658167      0.07363683776716708      0.0045047914344679045      0.0      0.5072149916054601      0.0      0.7453857      0.3962127599379408
sent_133      0.0      0.08100050464423113      0.004469848668269024      0.008323732725573548      0.3043289949632761      0.0      0.5160106      0.46922177655989705
sent_134      0.0      0.03681840949488762      0.004435482515373755      0.0      0.3043289949632761      0.0      0.5769716      0.42816136109287767
sent_135      0.02976254398473331      0.0257728904018997      0.004401635314451737      0.0      0.10144299832109203      0.0      0.2656211      0.4044311893539286
sent_136      0.0      0.06627315211271119      0.0043683070655029695      0.0      0.40577199328436814      0.0      0.6880359      0.4300128190444932
sent_137      0.0      0.06259129989678731      0.004335440107197092      0.0      0.3043289949632761      0.0      0.6377888      0.3905193852860589
sent_138      0.0      0.05522761424233142      0.004303092100864465      0.012208159643071509      0.3043289949632761      0.0      0.5632575      0.42688515528577026
sent_139      0.0      0.03681840949488762      0.004271205385174727      0.0      0.0      0.0      0.1350046      0.5018285753622309
sent_140      0.0      0.04050026171081148      0.004239779960127879      0.0      0.3043289949632761      0.0      0.4043156      0.4606625822860491
sent_141      0.02976254398473331      0.05890946645825529      0.004208873487054282      0.0      0.0      0.0      0.1643936      0.48526222355106163
sent_143      0.02976254398473331      0.05522761424233142      0.004178370643293213      0.0      0.20288599664218407      0.0      0.3703466      0.43972870060546293
sent_144      0.0      0.0773186712056991      0.004148271428844672      0.008720100950600858      0.40577199328436814      0.0      0.5553149      0.46316133014312055
sent_145      0.0      0.029454723840431723      0.004118691166369382      0.0      0.0      0.0      0.0477764      0.5629385287902169
sent_146      0.0      0.01840920474744381      0.004089456871876259      0.0      0.10144299832109203      0.0      0.1638194      0.4942715517530346
sent_149      0.0      0.0515457808037994      0.004060683868026025      0.0      0.40577199328436814      0.0      0.4570066      0.4287547539205071
sent_150      0.02976254398473331      0.06627315211271119      0.004032256832157959      0.010173469421264642      0.6086579899265522      0.0      0.683746      0.4085783478380331
sent_151      0.02976254398473331      0.07363683776716708      0.004004233425602422      0.0      0.40577199328436814      0.0      0.6063095      0.4199647471607721
sent_152      0.0      0.06995498555124322      0.003976671309689773      0.009638019807044334      0.7101009882476442      0.0      0.7525552      0.41297265125585086
sent_153      0.0595251385658167      0.07363683776716708      0.00394939750042893      0.0      0.3043289949632761      0.0      0.4969982      0.46678176718482917
sent_154      0.0595251385658167      0.1877739184677538      0.003922527320480616      0.0035906254944285164      0.7101009882476442      0.0      0.850994      0.4335893334675833
sent_155      0.02976254398473331      0.05522761424233142      0.0038960607698448305      0.0      0.3043289949632761      0.0      0.5191815      0.43498231627664824
sent_156      0.0595251385658167      0.09940972816906678      0.003869882525860851      0.0      0.5072149916054601      0.0      0.8325295      0.3998985267709543
sent_157      0.0      0.0773186712056991      0.003844107911189399      0.0      0.40577199328436814      0.0      0.6882185      0.42452879137564103
sent_158      0.02976254398473331      0.05890946645825529      0.003818621603169753      0.0      0.40577199328436814      0.0      0.6762847      0.4128136432102284
sent_159      0.02976254398473331      0.033136576056355595      0.003793481263132275      0.0      0.10144299832109203      0.0      0.1735435      0.4643055931038604
sent_160      0.0595251385658167      0.06627315211271119      0.0037686868910769633      0.0      0.5072149916054601      0.0      0.4362005      0.4344908845875912
sent_161      0.02976254398473331      0.06627315211271119      0.003744238487003819      0.0      0.5072149916054601      0.0      0.765626      0.39991065944648235
sent_162      0.0      0.03681840949488762      0.0037200783895824812      0.0      0.3043289949632761      0.0      0.7226449      0.3398306418444525
sent_163      0.0      0.05522761424233142      0.00369626426014331      0.0      0.10144299832109203      0.0      0.3149525      0.45287054641866753
sent_164      0.02976254398473331      0.06627315211271119      0.0036726807760255834      0.0      0.5072149916054601      0.0      0.6524908      0.4222622559285561
sent_165      0.0      0.0773186712056991      0.003649443259890024      0.0      0.3043289949632761      0.0      0.4897741      0.47813351838610824
sent_166      0.02976254398473331      0.06259129989678731      0.0036264940504062712      0.0      0.40577199328436814      0.0      0.680388      0.4010389399404208
sent_167      0.08928768255055      0.08468235686015499      0.0036038331475743237      0.0      0.5072149916054601      0.0      0.8416237      0.3701245910440799
sent_168      0.08928768255055      0.1030915616075988      0.0035814605513941823      0.0      0.8115439865687363      0.0      0.7875767      0.3889531618696943
sent_170      0.02976254398473331      0.06995498555124322      0.0035593186005354856      0.0      0.3043289949632761      0.0      0.4718573      0.44954665996534665
sent_173      0.02976254398473331      0.06259129989678731      0.003537522617658956      0.021543807903262022      0.40577199328436814      0.0      0.719694      0.38751473985757
sent_174      0.0      0.04050026171081148      0.003515957280103871      0.0      0.5072149916054601      0.0      0.7071749      0.38759902695438747
sent_175      0.02976254398473331      0.0515457808037994      0.0034946225878702314      0.0      0.10144299832109203      0.0      0.3139091      0.4615038200094415
sent_176      0.02976254398473331      0.04050026171081148      0.0034735762022883973      0.0      0.40577199328436814      0.0      0.6536065      0.3967437978129765
sent_177      0.0      0.04050026171081148      0.0034527604620280083      0.016647483763377404      0.3043289949632761      0.0      0.3714143      0.4072497032073693
sent_178      0.02976254398473331      0.05890946645825529      0.0034322330284194246      0.01144514394280757      0.5072149916054601      0.0      0.5770085      0.43569651088802097
sent_179      0.0      0.0515457808037994      0.003411936240132286      0.0      0.20288599664218407      0.0      0.7009874      0.41236572582859404
sent_180      0.0      0.05522761424233142      0.0033918700971665924      0.0      0.5072149916054601      0.0      0.6920891      0.39693675401800926
sent_181      0.0595251385658167      0.04418209514934351      0.003372034599522343      0.0      0.40577199328436814      0.0      0.4483007      0.4219150747519071
sent_182      0.0      0.04050026171081148      0.0033524297471995384      0.0      0.10144299832109203      0.0      0.2359833      0.4853492521659072