sent_01          0.05           0.8518519      1.0            0.0            0.2857143      0.0            0.6877628      0.7925453      
sent_02          0.25           0.4814815      0.5            0.0            0.7142857      0.0            0.8684641      0.6770603      
sent_03          0.2            0.3333333      0.3333333      0.0            0.7142857      0.0            0.847956       0.6563476      
sent_05          0.35           0.5185185      0.25           0.0714286      0.7142857      0.0            0.7784998      0.7250783      
sent_06          0.15           0.3333333      0.2            0.0            0.5714286      0.0            0.8095534      0.6891923      
sent_07          0.1            0.1851852      0.1666667      0.0            0.2857143      0.0            0.1681385      0.820699       
sent_08          0.15           0.5185185      0.1428571      0.0            0.4285714      0.0            0.2997725      0.8104216      
sent_09          0.1            0.4814815      0.125          0.0769231      0.4285714      0.0            0.6516216      0.7721164      
sent_010          0.15           0.6296296      0.1111111      0.0            0.4285714      0.0            0.3920011      0.787084       
sent_11          0.1            0.5185185      0.1            0.0            0.1428571      0.0            0.2174121      0.8489962      
sent_12          0.05           0.3703704      0.0909091      0.0            0.1428571      0.0            0.1000085      0.8890692      
sent_13          0.3            0.6296296      0.0833333      0.0            1.0            0.0            0.7869331      0.7339457      
sent_14          0.2            0.4814815      0.0769231      0.0            0.5714286      0.0            0.4064783      0.7770169      
sent_15          0.15           0.3703704      0.0714286      0.0            0.5714286      0.0            0.7516309      0.6941265      
sent_16          0.45           0.6666667      0.0666667      0.0            1.0            0.0            0.6915521      0.6854156      
sent_17          0.25           0.4814815      0.0625         0.0            0.8571429      0.0            0.8022947      0.6560587      
sent_18          0.2            0.5925926      0.0588235      0.0            0.5714286      0.0            0.5383012      0.7363324      
sent_19          0.05           0.4074074      0.0555556      0.0            0.1428571      0.0            0.262959       0.7995328      
sent_20          0.1            0.4444444      0.0526316      0.0            0.2857143      0.0            0.2841217      0.8019381      
sent_21          0.2            0.6666667      0.05           0.0            0.7142857      0.0            0.7488414      0.7282089      
sent_22          0.2            0.4444444      0.047619       0.0            0.7142857      0.0            0.9757495      0.6687942      
sent_23          0.0            0.1851852      0.0454545      0.0            0.1428571      0.0            0.3948644      0.8074807      
sent_24          0.25           1.0            0.0434783      0.0            0.2857143      0.0            0.4308032      0.7920604      
sent_25          0.05           0.2222222      0.0416667      0.0            0.1428571      0.0            0.2394193      0.824932       
sent_26          0.05           0.3333333      0.04           0.0            0.1428571      0.0            0.2139981      0.8578962      
sent_27          0.1            0.4814815      0.0384615      0.0            0.4285714      0.0            0.6494849      0.7743068      
sent_28          0.2            0.8888889      0.037037       0.0            0.5714286      0.0            0.9331106      0.7026436      
sent_29          0.1            0.5185185      0.0357143      0.0            0.2857143      0.0            0.2148032      0.8453812      
sent_30          0.1            0.4074074      0.0344828      0.0909091      0.4285714      0.0            0.6978269      0.7335619      
sent_31          0.0            0.5555556      0.0333333      0.4            0.0            0.0            0.0375902      0.9784308      
sent_32          0.1            0.3703704      0.0322581      0.0            0.2857143      0.0            0.32796        0.8755899      
sent_33          0.25           0.7037037      0.03125        0.0            0.8571429      0.0            0.9665322      0.6657252      
sent_34          0.1            0.5925926      0.030303       0.0            0.4285714      0.0            0.6003077      0.7935943      
sent_35          0.15           0.6296296      0.0294118      0.0            0.5714286      0.0            0.6837828      0.8129261      
sent_36          0.1            0.6666667      0.0285714      0.0555556      0.2857143      0.0            0.3028742      0.8679195      
sent_37          0.45           0.7407407      0.0277778      0.0            1.0            0.0            0.6712158      0.7155746      
sent_38          0.05           0.3703704      0.027027       0.0            0.1428571      0.0            0.2478202      0.803225       
sent_39          0.05           0.3703704      0.0263158      0.0            0.1428571      0.0            0.2367122      0.8161363      
sent_40          0.15           0.6666667      0.025641       0.0            0.5714286      0.0            0.6292266      0.7646104      
sent_41          0.25           0.6666667      0.025          0.0            0.8571429      0.0            0.6939569      0.7565619      
sent_42          0.1            0.5185185      0.0243902      0.0            0.4285714      0.0            0.6316946      0.7855888      
sent_43          0.15           0.5925926      0.0238095      0.0            0.5714286      0.0            0.8888833      0.7189689      
sent_44          0.1            0.2222222      0.0232558      0.0            0.2857143      0.0            0.1404855      0.806889       
sent_45          0.1            0.4814815      0.0227273      0.0            0.2857143      0.0            0.3429606      0.7950597      
sent_46          0.1            0.5185185      0.0222222      0.0            0.4285714      0.0            0.5941276      0.7533937      
sent_47          0.25           0.5925926      0.0217391      0.0            0.7142857      0.0            0.9019596      0.7065643      
sent_48          0.2            0.5185185      0.0212766      0.0            0.7142857      0.0            0.9311368      0.6995573      
sent_49          0.35           0.7407407      0.0208333      0.0            0.7142857      0.0            0.7637675      0.7105623      
sent_50          0.15           0.8148148      0.0204082      0.0            0.5714286      0.0            0.7698644      0.7903313      
sent_52          0.2            0.9259259      0.02           0.0            0.5714286      0.0            0.9245772      0.7086368      
sent_53          0.15           0.3703704      0.0196078      0.0            0.5714286      0.0            1.0            0.669791       
sent_55          0.1            0.3703704      0.0192308      0.0            0.1428571      0.0            0.2382773      0.8570673      
sent_56          0.05           0.3703704      0.0188679      0.0            0.1428571      0.0            0.1588623      0.8228199      
sent_57          0.05           0.4074074      0.0185185      0.0            0.1428571      0.0            0.2015588      0.8766566      
sent_58          0.0            0.2962963      0.0181818      0.0            0.0            0.0            0.0124297      0.989077       
sent_59          0.1            0.7407407      0.0178571      0.0            0.4285714      0.0            0.5557577      0.8266931      
sent_60          0.0            0.3703704      0.0175439      0.0            0.0            0.0            0.0799536      0.8916708      
sent_62          0.25           0.4814815      0.0172414      0.0            0.5714286      0.0            0.4649262      0.7508027      
sent_63          0.1            0.7407407      0.0169492      0.0            0.4285714      0.0            0.4382922      0.8693167      
sent_64          0.1            0.7407407      0.0166667      0.0            0.4285714      0.0            0.4512808      0.8386441      
sent_65          0.1            0.7407407      0.0163934      0.0            0.1428571      0.0            0.1987008      0.8777394      
sent_66          0.05           0.4444444      0.016129       0.0            0.1428571      0.0            0.1744798      0.9131002      
sent_67          0.35           0.7777778      0.015873       0.047619       0.8571429      0.0            0.711087       0.7921476      
sent_68          0.15           0.7407407      0.015625       0.3            0.4285714      0.0            0.2841906      0.8952789      
sent_69          0.1            0.5185185      0.0153846      0.0            0.4285714      0.0            0.5926292      0.8197787      
sent_70          0.1            0.5185185      0.0151515      0.0            0.4285714      0.0            0.5662898      0.7833502      
sent_71          0.15           0.7777778      0.0149254      0.047619       0.5714286      0.0            0.547425       0.8192792      
sent_72          0.05           0.4814815      0.0147059      0.0            0.2857143      0.0            0.492096       0.8546162      
sent_74          0.2            0.6666667      0.0144928      0.0            0.4285714      0.0            0.4163326      0.7787288      
sent_75          0.0            0.5925926      0.0142857      0.0625         0.1428571      0.0            0.1005527      0.8990931      
sent_76          0.05           0.6296296      0.0140845      0.0            0.2857143      0.0            0.4466935      0.8699803      
sent_77          0.15           0.8518519      0.0138889      0.0434783      0.4285714      0.0            0.4940759      0.8503842      
sent_78          0.15           0.4444444      0.0136986      0.0            0.2857143      0.0            0.3143153      0.8795118      
sent_79          0.0            0.2222222      0.0135135      0.0            0.0            0.0            0.1377049      0.8061557      
sent_80          0.1            0.6296296      0.0133333      0.0            0.2857143      0.0            0.1696467      0.872105       
sent_81          0.05           0.5925926      0.0131579      0.0            0.2857143      0.0            0.3139245      0.8137405      
sent_82          0.1            0.5185185      0.012987       0.0            0.2857143      0.0            0.2533218      0.8310415      
sent_83          0.1            0.7037037      0.0128205      0.0            0.1428571      0.0            0.2700507      0.8529238      
sent_84          0.0            0.4444444      0.0126582      0.0            0.0            0.0            0.0936566      0.8995673      
sent_85          0.1            0.2962963      0.0125         0.0            0.4285714      0.0            0.6383222      0.7635948      
sent_86          0.0            0.5555556      0.0123457      0.0            0.1428571      0.0            0.1381842      0.8891571      
sent_87          0.0            0.5925926      0.0121951      0.0            0.1428571      0.0            0.1160709      0.8720286      
sent_88          0.05           0.2962963      0.0120482      0.0            0.2857143      0.0            0.586059       0.8095004      
sent_89          0.0            0.6666667      0.0119048      0.0            0.1428571      0.0            0.1011597      0.9050275      
sent_90          0.05           0.4074074      0.0117647      0.0            0.4285714      0.0            0.3772737      0.8294931      
sent_91          0.0            0.2222222      0.0116279      0.0            0.0            0.0            0.0638003      0.891948       
sent_92          0.05           0.3703704      0.0114943      0.0            0.4285714      0.0            0.5675173      0.8220199      
sent_93          0.05           0.4814815      0.0113636      0.0            0.4285714      0.0            0.5351272      0.8277817      
sent_94          0.05           0.4814815      0.011236       0.0            0.2857143      0.0            0.1352242      0.8993336      
sent_95          0.1            0.4444444      0.0111111      0.0            0.2857143      0.0            0.4055492      0.8587695      
sent_96          0.05           0.1851852      0.010989       0.0            0.2857143      0.0            0.7517777      0.6394791      
sent_97          0.0            0.3333333      0.0108696      0.1111111      0.0            0.0            0.0080557      1.0            
sent_98          0.0            0.3703704      0.0107527      0.0            0.0            0.0            0.024418       0.9664433      
sent_99          0.0            0.4074074      0.0106383      0.0            0.1428571      0.0            0.1597345      0.8458594      
sent_100          0.0            0.5925926      0.0105263      0.0            0.0            0.0            0.1519461      0.8641128      
sent_101          0.05           0.5555556      0.0104167      0.0666667      0.4285714      0.0            0.4766693      0.8677142      
sent_103          0.05           0.4814815      0.0103093      0.0            0.2857143      0.0            0.6692936      0.8034154      
sent_104          0.0            0.4814815      0.0102041      0.0            0.0            0.0            0.1059863      0.8912911      
sent_105          0.0            0.2962963      0.010101       0.0            0.0            0.0            0.0352828      0.9620125      
sent_106          0.05           0.3703704      0.01           0.1            0.2857143      0.0            0.615258       0.7586412      
sent_107          0.0            0.4444444      0.009901       0.0            0.1428571      0.0            0.0691943      0.9536234      
sent_108          0.2            0.6666667      0.0098039      0.0            0.4285714      0.0            0.4774623      0.7822856      
sent_109          0.05           0.5185185      0.0097087      0.0            0.2857143      0.0            0.4824278      0.8357884      
sent_110          0.0            0.1851852      0.0096154      0.0            0.0            0.0            0.0296807      0.9521324      
sent_111          0.15           0.5925926      0.0095238      0.0            0.4285714      0.0            0.5594358      0.7835437      
sent_112          0.0            0.2962963      0.009434       0.0            0.0            0.0            0.0425413      0.9349481      
sent_113          0.0            0.1851852      0.0093458      0.2            0.0            0.0            0.0738474      0.8381795      
sent_114          0.15           0.6296296      0.0092593      0.0588235      0.5714286      0.0            0.5294892      0.8317716      
sent_115          0.05           0.7407407      0.0091743      0.0            0.2857143      0.0            0.4062732      0.8940116      
sent_116          0.1            0.5185185      0.0090909      0.0714286      0.4285714      0.0            0.6445044      0.7658255      
sent_117          0.1            0.5185185      0.009009       0.0            0.4285714      0.0            0.617138       0.7933712      
sent_118          0.1            0.6666667      0.0089286      0.0555556      0.2857143      0.0            0.3418927      0.8248803      
sent_119          0.05           0.4074074      0.0088496      0.0            0.2857143      0.0            0.5457036      0.8010205      
sent_120          0.05           0.5185185      0.0087719      0.0            0.2857143      0.0            0.5269294      0.81754        
sent_122          0.05           0.5925926      0.0086957      0.0625         0.2857143      0.0            0.5295589      0.8040434      